mse: 6.844408103685882
rmse: 2.6161819706751825
mae: 2.31732151146556
r2: 0.1853759432543688
cv_scores: [-0.018676722187309647, -0.2845450281050119, -1.0063346327151885, -0.3512842980656399, -0.0024890666245487303]
